spawns: 
  default: 
    world: world
    x: -281.57398788386234
    y: 74.0
    z: 223.54813034966182
    yaw: -90.95498
    pitch: 83.09993
  s: 
    world: world
    x: 1774.7633726910137
    y: 69.0
    z: 3096.412184954981
    yaw: -215.71404
    pitch: 14.549866
